12 12 12 12 12 12 12 12 12 12 12 12 12 12 12 12 12 12 12 12 12 12 12 12 12 12 12 12 12 12
12 6 6 6 6 6 6 6 6 6 6 6 6 6 6 6 6 8 8 8 8 8 8 39 4 14 14 14 5 12
12 6 6 6 18 6 6 6 8 6 6 6 24 6 6 6 8 8 8 8 8 8 8 39 9 17 0 0 7 12
12 8 6 6 25 6 6 8 8 8 6 6 25 6 6 8 8 8 8 8 8 8 8 39 9 0 16 0 7 12
12 8 8 6 25 6 8 8 8 8 8 6 25 6 8 8 8 8 8 8 8 8 8 39 9 0 0 17 7 12
12 8 8 39 25 39 8 8 8 8 8 39 25 39 8 8 8 8 8 8 8 8 8 39 10 2 2 2 11 12
12 8 8 8 25 8 8 8 8 8 8 8 25 8 8 8 8 8 8 8 8 8 8 39 39 39 39 39 39 12
12 8 8 8 25 8 8 8 8 8 8 8 25 8 8 8 8 8 8 8 8 8 8 8 8 8 8 8 8 12
12 8 8 8 25 8 8 8 8 8 8 8 25 8 8 8 8 8 8 8 8 8 8 8 8 8 8 8 8 12
12 8 8 8 25 8 8 8 8 8 8 8 25 8 8 8 8 8 8 8 8 8 8 8 8 30 19 20 21 12
12 8 8 8 22 20 20 20 20 20 20 20 29 20 20 20 20 20 20 20 20 20 20 20 20 20 23 36 27 12
12 39 19 28 26 28 28 21 39 8 8 8 8 8 8 8 8 8 8 8 8 8 8 8 8 30 31 32 33 12
12 6 37 37 37 37 37 37 39 39 8 8 8 8 8 8 8 8 8 8 8 8 8 8 8 8 8 8 12 12
12 6 37 37 37 37 37 37 39 39 39 8 8 8 8 8 8 8 8 8 8 8 8 8 8 8 8 12 12 12
12 6 37 37 37 37 37 37 39 39 39 39 8 8 8 8 8 8 8 8 8 8 8 8 8 8 12 12 12 12
12 6 37 37 37 37 37 37 39 39 39 39 39 8 8 8 8 8 8 8 8 8 8 8 8 12 12 12 12 12
12 6 37 37 37 37 37 37 39 39 39 39 39 39 8 8 8 8 8 8 8 8 8 8 12 12 12 12 12 12
12 6 37 37 37 37 37 37 39 39 39 39 39 39 39 8 8 8 8 8 8 8 8 12 12 12 12 12 12 12
12 6 37 37 37 37 37 37 39 39 39 39 39 39 39 39 8 8 8 8 8 8 12 12 12 12 12 12 12 12
12 12 12 12 12 12 12 12 12 12 12 12 12 12 12 12 12 12 12 12 12 12 12 12 12 12 12 12 12 12
